# Created by Octave 4.4.1, Tue Dec 18 13:59:43 2018 MSK <vladimir@bhorse>
# name: J_history
# type: matrix
# rows: 1000
# columns: 1
 64300749594.565948
 63036794964.819687
 61799111840.657417
 60587140419.70562
 59400333187.446411
 58238154637.679741
 57100080999.611244
 55985599971.401474
 54894210460.017029
 53825422327.22773
 52778756141.597969
 51753742936.324768
 50749923972.778458
 49766850509.605644
 48804083577.257698
 47861193757.811859
 46937760969.955132
 46033374259.004402
 45147631591.839645
 44280139656.630394
 43430513667.238029
 42598377172.180496
 41783361868.047745
 40985107417.260056
 40203261270.063583
 39437478490.660255
 38687421587.371796
 37952760346.74028
 37233171671.469902
 36528339422.117111
 35837954262.438858
 35161713508.310379
 34499320980.127029
 33850486858.606014
 33214927543.906292
 32592365517.987438
 31982529210.129139
 31385152865.53635
 30799976416.955727
 30226745359.231632
 29665210626.731571
 29115128473.572472
 28576260356.581402
 28048372820.925137
 27531237388.345806
 27024630447.940331
 26528333149.423252
 26042131298.814579
 25565815256.494785
 25099179837.571243
 24642024214.501633
 24194151821.920681
 23755370263.618877
 23325491221.621998
 22904330367.322403
 22491707274.613743
 22087445334.982155
 21691371674.50808
 21303317072.733932
 20923115883.354038
 20550605956.684292
 20185628563.869953
 19828028322.791019
 19477653125.625816
 19134354068.034031
 18797985379.921719
 18468404357.751404
 18145471298.361641
 17829049434.260818
 17519004870.361404
 17215206522.120975
 16917526055.057838
 16625837825.609413
 16340018823.302345
 16059948614.204393
 15785509285.628262
 15516585392.058973
 15253063902.276438
 14994834147.645937
 14741787771.549706
 14493818679.93355
 14250822992.942991
 14012698997.624037
 13779347101.664268
 13550669788.150599
 13326571571.32053
 13106958953.284208
 12891740381.695339
 12680826208.349417
 12474128648.688101
 12271561742.189297
 12073041313.623009
 11878484935.153067
 11687811889.265926
 11500943132.507723
 11317801260.01132
 11138310470.795664
 10962396533.819979
 10789986754.775766
 10621009943.600248
 10455396382.694759
 10293077795.832539
 10133987317.740305
 9978059464.338625
 9825230103.626236
 9675436427.1941185
 9528616922.3549824
 9384711344.8746929
 9243660692.2921314
 9105407177.8142509
 8969894204.7738228
 8837066341.6370106
 8706869297.5489159
 8579249898.4048471
 8454156063.4358521
 8331536782.2970695
 8211342092.6477442
 8093523058.2120285
 7978031747.3100014
 7864821211.8484688
 7753845466.7614241
 7645059469.8902617
 7538419102.2940483
 7433881148.9803944
 7331403280.047657
 7230944032.2294855
 7132462790.8328495
 7035919772.0608568
 6941276005.71208
 6848493318.2479849
 6757534316.2205029
 6668362370.0518341
 6580941598.1588144
 6495236851.4143028
 6411213697.9382286
 6328838408.2111158
 6248077940.5031242
 6168899926.61164
 6091272657.9007463
 6015165071.6360617
 5940546737.608469
 5867387845.0404663
 5795659189.7690887
 5725332161.6992807
 5656378732.5220203
 5588771443.6912937
 5522483394.6545
 5457488231.3306417
 5393760134.8311176
 5331273810.4177179
 5270004476.6928511
 5209927855.0169115
 5151020159.1479254
 5093258085.0987034
 5036618801.2068005
 4981079938.4127293
 4926619580.7419329
 4873216255.9862127
 4820848926.5801935
 4769496980.6688404
 4719140223.3617401
 4669758868.1703072
 4621333528.6238918
 4573845210.0610628
 4527275301.5922251
 4481605568.22997
 4436818143.1836224
 4392895520.3143606
 4349820546.7476311
 4307576415.6393852
 4266146659.0929675
 4225515141.2233629
 4185666051.3657403
 4146583897.4252033
 4108253499.3647108
 4070659982.8283176
 4033788772.8967962
 3997625587.9728651
 3962156433.7932634
 3927367597.5650187
 3893245642.2232361
 3859777400.8078814
 3826949970.9570074
 3794750709.5139999
 3763167227.2463899
 3732187383.6739569
 3701799282.0037141
 3671991264.1696091
 3642751905.9747105
 3614070012.3336973
 3585934612.6135778
 3558334956.0705404
 3531260507.3809361
 3504700942.2644291
 3478646143.1973314
 3453086195.2142758
 3428011381.7963748
 3403412180.8439918
 3379279260.7324438
 3355603476.4488168
 3332375865.8082604
 3309587645.7480311
 3287230208.6977482
 3265295119.0241466
 3243774109.5489254
 3222659078.13801
 3201942084.3608508
 3181615346.2182326
 3161671236.9372125
 3142102281.8317404
 3122901155.2276363
 3104060677.4505477
 3085573811.8756118
 3067433662.0375047
 3049633468.7996521
 3032166607.5813451
 3015026585.6415815
 2998207039.4184322
 2981701731.9228101
 2965504550.1854591
 2949609502.7561374
 2934010717.25384
 2918702437.9670386
 2903679023.5029006
 2888934944.4844675
 2874464781.2948017
 2860263221.8671227
 2846325059.5199962
 2832645190.8366356
 2819218613.5874043
 2806040424.6946225
 2793105818.2388101
 2780410083.5055318
 2767948603.0719481
 2755716850.9323134
 2743710390.6615953
 2731924873.6164155
 2720356037.1725755
 2708999702.9983668
 2697851775.3629889
 2686908239.4792953
 2676165159.8801966
 2665618678.8280187
 2655265014.7561326
 2645100460.7422085
 2635121383.0124159
 2625324219.4759707
 2615705478.2893739
 2606261736.4497561
 2596989638.4167113
 2587885894.7620535
 2578947280.8469076
 2570170635.5255909
 2561552859.8757138
 2553090915.9539933
 2544781825.5772142
 2536622669.1278648
 2528610584.3839121
 2520742765.3722243
 2513016461.2451868
 2505428975.1799903
 2497977663.3001714
 2490659933.6189251
 2483473245.0037513
 2476415106.1619992
 2469483074.6468916
 2462674755.8835955
 2455987802.2149377
 2449419911.9663734
 2442968828.5297956
 2436632339.4658165
 2430408275.6241512
 2424294510.2817044
 2418288958.298027
 2412389575.2877946
 2406594356.8099256
 2400901337.5730343
 2395308590.6568727
 2389814226.749444
 2384416393.3994479
 2379113274.283771
 2373903088.4897165
 2368784089.8116307
 2363754566.0617142
 2358812838.3946323
 2353957260.6457372
 2349186218.6825504
 2344498129.7692938
 2339891441.9441562
 2335364633.4090877
 2330916211.9318061
 2326544714.2598391
 2322248705.546289
 2318026778.7871437
 2313877554.2698407
 2309799679.0329127
 2305791826.336452
 2301852695.143187
 2297981009.6099577
 2294175518.5893803
 2290434995.1414871
 2286758236.05515
 2283144061.3790827
 2279591313.9622321
 2276098859.0033617
 2272665583.609653
 2269290396.3641396
 2265972226.9017768
 2262710025.4940081
 2259502762.6416202
 2256349428.6757488
 2253249033.3668432
 2250200605.5414624
 2247203192.7067084
 2244255860.6821685
 2241357693.2392063
 2238507791.7474542
 2235705274.8283615
 2232949278.0156503
 2230238953.4225583
 2227573469.4157081
 2224952010.2954831
 2222373775.9827843
 2219837981.7120233
 2217343857.7302341
 2214890649.0021887
 2212477614.9213824
 2210104029.0267787
 2207769178.7251911
 2205472365.0192022
 2203212902.2404861
 2200990117.7884521
 2198803351.8740821
 2196651957.2688646
 2194535299.0587316
 2192452754.4028702
 2190403712.2973576
 2188387573.3434663
 2186403749.520597
 2184451663.9637127
 2182530750.7451968
 2180640454.6610503
 2178780231.021317
 2176949545.4447007
 2175147873.6572309
 2173374701.294939
 2171629523.7104483
 2169911845.7834001
 2168221181.7346396
 2166557054.9440894
 2164918997.7722344
 2163306551.3851395
 2161719265.5829444
 2160156698.6317511
 2158618417.0988431
 2157103995.6911654
 2155613017.0970192
 2154145071.830862
 2152699758.0812049
 2151276681.5615139
 2149875455.3640542
 2148495699.8166313
 2147137042.3421669
 2145799117.3210495
 2144481565.9562047
 2143184036.1408348
 2141906182.3287704
 2140647665.407388
 2139408152.5730274
 2138187317.208883
 2136984838.7652967
 2135800402.6424112
 2134633700.0751548
 2133484428.020472
 2132352289.0468025
 2131236991.2257195
 2130138248.0257201
 2129055778.2080991
 2127989305.7248805
 2126938559.6187599
 2125903273.9250102
 2124883187.5753307
 2123878044.3035841
 2122887592.5533834
 2121911585.3875096
 2120949780.3990984
 2120001939.6245847
 2119067829.4583535
 2118147220.5690694
 2117239887.8176501
 2116345610.1768577
 2115464170.6524599
 2114595356.2059443
 2113738957.6787574
 2112894769.7180176
